x<-c( 2.5113, 2.4907, 2.5024, 2.5298, 2.4950, 2.5127, 2.4998, 2.4848, 2.4823, 2.5163, 2.5222, 2.5004, 2.5248, 2.5058, 2.4900, 2.5068, 2.5016, 2.4797, 2.5067, 2.5139, 2.4762, 2.5004, 2.5170, 2.4925, 2.4876, 2.4933, 2.4806, 2.4907, 2.5017, 2.4950, 2.4973, 2.5252, 2.4978, 2.5073, 2.4658, 2.4529)
